1.0003688322288243e-231
1.0003688322288243e-231
1.0244914152188952e-231
1.0832677820940877e-231
1.0832677820940877e-231
8.614911585158347e-232
8.972141065609098e-232
1.0003688322288243e-231
1.0003688322288243e-231
1.0518351895246305e-231
9.257324954728539e-232
9.788429383461836e-232
9.594503055152632e-232
9.257324954728539e-232
9.788429383461836e-232
9.418382295637229e-232
1.1896457329133973e-231
1.0832677820940877e-231
1.0832677820940877e-231
1.2882297539194154e-231
1.012071042130996e-231
1.1896457329133973e-231
1.1896457329133973e-231
1.2882297539194154e-231
1.2882297539194154e-231
1.1409851298103347e-231
1.1640469867513693e-231
1.2508498911928379e-231
1.2882297539194154e-231
1.331960397810445e-231
9.109159947227211e-232
9.594503055152632e-232
1.0244914152188952e-231
1.0518351895246305e-231
1.2183324802375697e-231
1.0244914152188952e-231
1.0669733992029681e-231
1.1008876702055895e-231
1.2183324802375697e-231
1.0518351895246305e-231
7.992219124248642e-232
8.972141065609098e-232
9.788429383461836e-232
1.0244914152188952e-231
1.1640469867513693e-231
1.1640469867513693e-231
1.1409851298103347e-231
1.1200407237786664e-231
1.2508498911928379e-231
1.1200407237786664e-231
8.147480343967206e-232
8.319100378795605e-232
8.726094729337945e-232
9.594503055152632e-232
1.0244914152188952e-231
1.0832677820940877e-231
1.1200407237786664e-231
1.0003688322288243e-231
1.2508498911928379e-231
1.1896457329133973e-231
9.418382295637229e-232
1.2508498911928379e-231
1.1896457329133973e-231
1.2183324802375697e-231
1.4488496539373276e-231
1.012071042130996e-231
1.0518351895246305e-231
9.594503055152632e-232
1.0003688322288243e-231
1.1640469867513693e-231
9.257324954728539e-232
9.594503055152632e-232
8.972141065609098e-232
9.109159947227211e-232
1.0244914152188952e-231
1.1008876702055895e-231
1.0832677820940877e-231
1.1409851298103347e-231
1.2183324802375697e-231
1.2882297539194154e-231
9.336117803135294e-232
9.181748633447778e-232
1.012071042130996e-231
1.2508498911928379e-231
1.384292958842266e-231
1.1008876702055895e-231
1.1008876702055895e-231
1.1008876702055895e-231
1.1640469867513693e-231
1.1200407237786664e-231
9.594503055152632e-232
1.1640469867513693e-231
1.1409851298103347e-231
9.594503055152632e-232
1.1896457329133973e-231
9.418382295637229e-232
9.109159947227211e-232
1.0832677820940877e-231
1.0518351895246305e-231
1.1200407237786664e-231
9.181748633447778e-232
1.0244914152188952e-231
1.1409851298103347e-231
9.418382295637229e-232
1.0244914152188952e-231
9.109159947227211e-232
1.1200407237786664e-231
9.594503055152632e-232
1.1896457329133973e-231
1.0244914152188952e-231
1.1640469867513693e-231
1.1409851298103347e-231
1.2183324802375697e-231
1.1640469867513693e-231
1.2183324802375697e-231
8.06798322521923e-232
1.1008876702055895e-231
1.1008876702055895e-231
1.0003688322288243e-231
1.1200407237786664e-231
8.510469113101058e-232
1.1008876702055895e-231
1.1409851298103347e-231
1.1200407237786664e-231
1.0003688322288243e-231
1.0377133938315695e-231
1.0669733992029681e-231
1.1008876702055895e-231
1.1200407237786664e-231
1.1896457329133973e-231
1.0832677820940877e-231
1.1008876702055895e-231
9.594503055152632e-232
1.2183324802375697e-231
1.2508498911928379e-231
8.669612184277444e-232
1.0377133938315695e-231
1.1409851298103347e-231
1.1640469867513693e-231
1.1640469867513693e-231
9.109159947227211e-232
9.257324954728539e-232
9.594503055152632e-232
1.0244914152188952e-231
0
9.336117803135294e-232
1.1896457329133973e-231
1.1640469867513693e-231
1.2183324802375697e-231
1.0832677820940877e-231
8.06798322521923e-232
8.231055179516831e-232
8.510469113101058e-232
1.0003688322288243e-231
1.0244914152188952e-231
9.257324954728539e-232
1.0377133938315695e-231
1.1409851298103347e-231
1.1409851298103347e-231
1.0518351895246305e-231
9.788429383461836e-232
1.0518351895246305e-231
9.418382295637229e-232
1.1896457329133973e-231
1.1640469867513693e-231
1.0669733992029681e-231
9.257324954728539e-232
9.594503055152632e-232
1.1640469867513693e-231
1.2183324802375697e-231
8.726094729337945e-232
8.972141065609098e-232
9.257324954728539e-232
9.257324954728539e-232
1.0244914152188952e-231
9.109159947227211e-232
1.1640469867513693e-231
1.1640469867513693e-231
1.1896457329133973e-231
1.2882297539194154e-231
1.0832677820940877e-231
1.1200407237786664e-231
1.1640469867513693e-231
1.0003688322288243e-231
1.2183324802375697e-231
9.689041594391036e-232
8.412065649527267e-232
1.0377133938315695e-231
1.0832677820940877e-231
1.1409851298103347e-231
7.437597952034396e-232
8.972141065609098e-232
9.418382295637229e-232
9.788429383461836e-232
1.0244914152188952e-231
9.109159947227211e-232
9.418382295637229e-232
9.418382295637229e-232
9.594503055152632e-232
9.418382295637229e-232
9.257324954728539e-232
1.1409851298103347e-231
9.788429383461836e-232
1.0244914152188952e-231
1.2183324802375697e-231
9.418382295637229e-232
9.336117803135294e-232
9.594503055152632e-232
9.594503055152632e-232
1.0244914152188952e-231
8.972141065609098e-232
9.594503055152632e-232
9.788429383461836e-232
1.0003688322288243e-231
1.0832677820940877e-231
9.893133360884868e-232
9.594503055152632e-232
1.1200407237786664e-231
1.0003688322288243e-231
1.0244914152188952e-231
8.510469113101058e-232
8.844844403089352e-232
8.972141065609098e-232
9.788429383461836e-232
1.1640469867513693e-231
8.510469113101058e-232
1.0244914152188952e-231
1.0832677820940877e-231
1.1640469867513693e-231
1.1200407237786664e-231
1.012071042130996e-231
1.0518351895246305e-231
1.0669733992029681e-231
1.1640469867513693e-231
1.2508498911928379e-231
8.06798322521923e-232
8.510469113101058e-232
8.844844403089352e-232
9.418382295637229e-232
1.0518351895246305e-231
8.614911585158347e-232
1.012071042130996e-231
1.1640469867513693e-231
1.1640469867513693e-231
1.1640469867513693e-231
8.231055179516831e-232
9.418382295637229e-232
0
9.788429383461836e-232
9.788429383461836e-232
1.1640469867513693e-231
1.1896457329133973e-231
1.0003688322288243e-231
1.0832677820940877e-231
1.331960397810445e-231
7.992219124248642e-232
8.147480343967206e-232
9.594503055152632e-232
1.0244914152188952e-231
1.0003688322288243e-231
9.689041594391036e-232
1.0244914152188952e-231
1.1008876702055895e-231
1.1896457329133973e-231
1.2882297539194154e-231
8.06798322521923e-232
8.231055179516831e-232
9.109159947227211e-232
9.418382295637229e-232
1.1200407237786664e-231
1.0377133938315695e-231
1.0669733992029681e-231
1.2183324802375697e-231
1.2508498911928379e-231
1.2508498911928379e-231
8.972141065609098e-232
1.0518351895246305e-231
1.0832677820940877e-231
1.0832677820940877e-231
1.1200407237786664e-231
8.231055179516831e-232
8.844844403089352e-232
8.972141065609098e-232
1.0003688322288243e-231
1.0518351895246305e-231
9.109159947227211e-232
9.418382295637229e-232
9.594503055152632e-232
1.0003688322288243e-231
1.0518351895246305e-231
1.0003688322288243e-231
9.257324954728539e-232
1.1409851298103347e-231
1.1896457329133973e-231
1.2508498911928379e-231
1.0518351895246305e-231
9.257324954728539e-232
1.0832677820940877e-231
1.0003688322288243e-231
1.384292958842266e-231
9.893133360884868e-232
1.012071042130996e-231
1.0518351895246305e-231
1.1200407237786664e-231
1.3165594234639305e-231
9.257324954728539e-232
9.257324954728539e-232
9.788429383461836e-232
1.0244914152188952e-231
0
1.0003688322288243e-231
1.0832677820940877e-231
9.788429383461836e-232
9.418382295637229e-232
1.0518351895246305e-231
9.689041594391036e-232
1.0518351895246305e-231
8.972141065609098e-232
1.0244914152188952e-231
1.0244914152188952e-231
8.726094729337945e-232
9.109159947227211e-232
1.0669733992029681e-231
1.0518351895246305e-231
1.2508498911928379e-231
8.147480343967206e-232
8.614911585158347e-232
8.972141065609098e-232
9.788429383461836e-232
1.0003688322288243e-231
1.0832677820940877e-231
1.1008876702055895e-231
1.0832677820940877e-231
1.0244914152188952e-231
1.1896457329133973e-231
1.1008876702055895e-231
1.0832677820940877e-231
1.1409851298103347e-231
1.2183324802375697e-231
1.1200407237786664e-231
9.788429383461836e-232
1.0518351895246305e-231
1.0832677820940877e-231
1.0518351895246305e-231
1.1200407237786664e-231
1.0003688322288243e-231
1.1640469867513693e-231
1.331960397810445e-231
1.1200407237786664e-231
1.1200407237786664e-231
1.0003688322288243e-231
1.0377133938315695e-231
1.0832677820940877e-231
9.418382295637229e-232
1.0003688322288243e-231
8.06798322521923e-232
1.0003688322288243e-231
1.0244914152188952e-231
1.0832677820940877e-231
1.1200407237786664e-231
1.0832677820940877e-231
1.1409851298103347e-231
1.0518351895246305e-231
1.2183324802375697e-231
1.0832677820940877e-231
1.0832677820940877e-231
1.1640469867513693e-231
1.2183324802375697e-231
1.2882297539194154e-231
1.1200407237786664e-231
1.0003688322288243e-231
1.1200407237786664e-231
1.0518351895246305e-231
1.1640469867513693e-231
1.2882297539194154e-231
9.689041594391036e-232
1.1008876702055895e-231
1.1008876702055895e-231
1.1409851298103347e-231
1.2508498911928379e-231
8.412065649527267e-232
8.614911585158347e-232
1.0244914152188952e-231
9.109159947227211e-232
1.1008876702055895e-231
9.594503055152632e-232
9.257324954728539e-232
9.418382295637229e-232
1.0003688322288243e-231
1.0244914152188952e-231
1.0518351895246305e-231
1.0003688322288243e-231
1.1008876702055895e-231
1.1896457329133973e-231
1.0832677820940877e-231
1.012071042130996e-231
9.594503055152632e-232
9.418382295637229e-232
1.1200407237786664e-231
1.1896457329133973e-231
9.257324954728539e-232
1.1409851298103347e-231
1.1896457329133973e-231
1.0832677820940877e-231
1.1200407237786664e-231
8.972141065609098e-232
9.594503055152632e-232
9.418382295637229e-232
9.788429383461836e-232
1.0518351895246305e-231
9.418382295637229e-232
9.418382295637229e-232
1.0244914152188952e-231
1.0518351895246305e-231
1.0518351895246305e-231
1.0518351895246305e-231
1.0377133938315695e-231
1.1008876702055895e-231
1.1200407237786664e-231
1.1409851298103347e-231
8.06798322521923e-232
8.972141065609098e-232
8.972141065609098e-232
1.1200407237786664e-231
1.1200407237786664e-231
8.231055179516831e-232
1.0003688322288243e-231
1.0244914152188952e-231
1.0518351895246305e-231
1.1200407237786664e-231
9.418382295637229e-232
9.109159947227211e-232
1.0832677820940877e-231
1.0518351895246305e-231
1.2508498911928379e-231
9.689041594391036e-232
9.788429383461836e-232
1.2183324802375697e-231
1.2508498911928379e-231
1.0832677820940877e-231
8.726094729337945e-232
1.0518351895246305e-231
1.1409851298103347e-231
9.418382295637229e-232
0
1.0832677820940877e-231
9.594503055152632e-232
1.2183324802375697e-231
1.0244914152188952e-231
1.2882297539194154e-231
1.1008876702055895e-231
9.594503055152632e-232
1.0518351895246305e-231
1.2508498911928379e-231
1.0832677820940877e-231
9.788429383461836e-232
1.012071042130996e-231
1.012071042130996e-231
1.1896457329133973e-231
1.2183324802375697e-231
9.181748633447778e-232
1.1008876702055895e-231
1.1409851298103347e-231
1.1640469867513693e-231
1.1640469867513693e-231
1.1200407237786664e-231
1.1409851298103347e-231
1.1409851298103347e-231
1.0832677820940877e-231
1.1200407237786664e-231
1.0832677820940877e-231
1.1409851298103347e-231
9.788429383461836e-232
1.0518351895246305e-231
1.1200407237786664e-231
1.1200407237786664e-231
1.1640469867513693e-231
1.1640469867513693e-231
1.1896457329133973e-231
1.331960397810445e-231
1.0244914152188952e-231
1.0377133938315695e-231
1.1200407237786664e-231
9.788429383461836e-232
1.0518351895246305e-231
8.726094729337945e-232
9.109159947227211e-232
1.0003688322288243e-231
1.0244914152188952e-231
1.0518351895246305e-231
8.844844403089352e-232
8.844844403089352e-232
8.844844403089352e-232
8.972141065609098e-232
1.0832677820940877e-231
1.0518351895246305e-231
1.1008876702055895e-231
1.1200407237786664e-231
1.1640469867513693e-231
1.2508498911928379e-231
8.844844403089352e-232
9.594503055152632e-232
1.1200407237786664e-231
9.788429383461836e-232
1.2508498911928379e-231
1.0003688322288243e-231
9.788429383461836e-232
1.0244914152188952e-231
1.0832677820940877e-231
1.2882297539194154e-231
1.0518351895246305e-231
1.0832677820940877e-231
1.1008876702055895e-231
1.2183324802375697e-231
1.2508498911928379e-231
8.972141065609098e-232
9.594503055152632e-232
1.0003688322288243e-231
1.0244914152188952e-231
1.0832677820940877e-231
0
9.594503055152632e-232
1.0003688322288243e-231
1.0244914152188952e-231
1.0518351895246305e-231
9.257324954728539e-232
9.594503055152632e-232
9.788429383461836e-232
1.1200407237786664e-231
1.1200407237786664e-231
8.844844403089352e-232
1.1200407237786664e-231
9.418382295637229e-232
1.1200407237786664e-231
0
1.1896457329133973e-231
1.2183324802375697e-231
1.2183324802375697e-231
1.2183324802375697e-231
1.2508498911928379e-231
1.0244914152188952e-231
1.1200407237786664e-231
1.1640469867513693e-231
1.0832677820940877e-231
1.2183324802375697e-231
1.0518351895246305e-231
1.0244914152188952e-231
1.0377133938315695e-231
1.1409851298103347e-231
9.788429383461836e-232
1.0377133938315695e-231
9.109159947227211e-232
1.1008876702055895e-231
1.0244914152188952e-231
1.2882297539194154e-231
1.0244914152188952e-231
1.0518351895246305e-231
1.1200407237786664e-231
1.1008876702055895e-231
1.0244914152188952e-231
9.257324954728539e-232
9.257324954728539e-232
1.0003688322288243e-231
1.0003688322288243e-231
1.0244914152188952e-231
9.418382295637229e-232
1.1640469867513693e-231
1.2183324802375697e-231
1.2508498911928379e-231
1.2508498911928379e-231
8.147480343967206e-232
9.257324954728539e-232
1.0003688322288243e-231
1.0003688322288243e-231
1.0832677820940877e-231
1.1409851298103347e-231
1.0518351895246305e-231
1.0244914152188952e-231
1.1200407237786664e-231
1.331960397810445e-231
9.109159947227211e-232
1.0003688322288243e-231
9.788429383461836e-232
9.594503055152632e-232
1.0518351895246305e-231
8.412065649527267e-232
8.844844403089352e-232
8.510469113101058e-232
9.418382295637229e-232
9.788429383461836e-232
1.012071042130996e-231
1.0832677820940877e-231
1.1200407237786664e-231
1.1409851298103347e-231
1.2183324802375697e-231
1.1008876702055895e-231
9.594503055152632e-232
1.0832677820940877e-231
1.0518351895246305e-231
1.1640469867513693e-231
8.972141065609098e-232
1.1640469867513693e-231
1.0518351895246305e-231
1.0244914152188952e-231
1.2183324802375697e-231
1.0003688322288243e-231
1.1200407237786664e-231
1.1409851298103347e-231
1.1409851298103347e-231
1.1640469867513693e-231
1.0669733992029681e-231
1.1200407237786664e-231
1.0244914152188952e-231
1.0003688322288243e-231
1.1640469867513693e-231
1.0003688322288243e-231
1.0003688322288243e-231
1.0244914152188952e-231
1.0518351895246305e-231
1.0832677820940877e-231
1.0003688322288243e-231
9.788429383461836e-232
9.788429383461836e-232
1.0832677820940877e-231
1.0518351895246305e-231
1.2183324802375697e-231
1.1640469867513693e-231
1.1640469867513693e-231
1.2183324802375697e-231
1.0832677820940877e-231
1.0003688322288243e-231
1.0003688322288243e-231
1.1409851298103347e-231
1.1200407237786664e-231
1.2183324802375697e-231
1.0518351895246305e-231
1.1200407237786664e-231
1.1200407237786664e-231
1.0832677820940877e-231
1.0518351895246305e-231
1.1409851298103347e-231
1.1640469867513693e-231
1.2183324802375697e-231
1.2183324802375697e-231
1.2882297539194154e-231
1.0832677820940877e-231
9.257324954728539e-232
1.1200407237786664e-231
1.1640469867513693e-231
1.1409851298103347e-231
1.1008876702055895e-231
1.1409851298103347e-231
9.418382295637229e-232
1.1409851298103347e-231
1.1896457329133973e-231
9.689041594391036e-232
9.893133360884868e-232
1.0244914152188952e-231
1.0669733992029681e-231
1.2183324802375697e-231
9.257324954728539e-232
1.1896457329133973e-231
1.0003688322288243e-231
1.2508498911928379e-231
1.2882297539194154e-231
8.06798322521923e-232
8.972141065609098e-232
8.972141065609098e-232
9.418382295637229e-232
1.0003688322288243e-231
1.1896457329133973e-231
1.2508498911928379e-231
1.1896457329133973e-231
1.0832677820940877e-231
1.0518351895246305e-231
8.147480343967206e-232
1.0003688322288243e-231
1.0518351895246305e-231
1.0518351895246305e-231
1.0832677820940877e-231
1.1200407237786664e-231
9.788429383461836e-232
1.0518351895246305e-231
1.0518351895246305e-231
1.1640469867513693e-231
9.418382295637229e-232
9.594503055152632e-232
1.1896457329133973e-231
1.0518351895246305e-231
1.0518351895246305e-231
9.109159947227211e-232
9.788429383461836e-232
1.0518351895246305e-231
1.1640469867513693e-231
1.0832677820940877e-231
7.850707993042515e-232
8.510469113101058e-232
8.412065649527267e-232
8.726094729337945e-232
9.788429383461836e-232
8.319100378795605e-232
8.614911585158347e-232
9.418382295637229e-232
9.594503055152632e-232
9.594503055152632e-232
1.1200407237786664e-231
1.0244914152188952e-231
1.1409851298103347e-231
1.2508498911928379e-231
1.2882297539194154e-231
8.412065649527267e-232
8.412065649527267e-232
8.510469113101058e-232
9.109159947227211e-232
0
1.0244914152188952e-231
1.1200407237786664e-231
1.1409851298103347e-231
1.1896457329133973e-231
1.331960397810445e-231
1.0669733992029681e-231
1.0832677820940877e-231
1.1008876702055895e-231
1.1200407237786664e-231
9.788429383461836e-232
9.893133360884868e-232
1.1640469867513693e-231
1.2508498911928379e-231
1.0518351895246305e-231
1.2882297539194154e-231
1.1008876702055895e-231
1.1200407237786664e-231
1.1200407237786664e-231
1.1640469867513693e-231
1.2508498911928379e-231
8.844844403089352e-232
1.0244914152188952e-231
1.0669733992029681e-231
9.257324954728539e-232
1.0832677820940877e-231
8.972141065609098e-232
8.844844403089352e-232
0
9.594503055152632e-232
1.0518351895246305e-231
1.1200407237786664e-231
1.0832677820940877e-231
1.0244914152188952e-231
1.2183324802375697e-231
1.0518351895246305e-231
1.0244914152188952e-231
9.788429383461836e-232
1.0003688322288243e-231
1.0244914152188952e-231
1.1200407237786664e-231
1.0244914152188952e-231
8.412065649527267e-232
1.1200407237786664e-231
1.1409851298103347e-231
1.0244914152188952e-231
6.518923202947529e-232
8.412065649527267e-232
1.0244914152188952e-231
1.1896457329133973e-231
1.2183324802375697e-231
9.594503055152632e-232
1.0244914152188952e-231
1.1640469867513693e-231
1.1640469867513693e-231
1.1200407237786664e-231
9.257324954728539e-232
1.1008876702055895e-231
1.0518351895246305e-231
1.0832677820940877e-231
1.0832677820940877e-231
1.1008876702055895e-231
1.2508498911928379e-231
1.331960397810445e-231
1.384292958842266e-231
1.1200407237786664e-231
7.850707993042515e-232
8.844844403089352e-232
8.726094729337945e-232
8.844844403089352e-232
9.594503055152632e-232
9.418382295637229e-232
1.1640469867513693e-231
1.1896457329133973e-231
1.0832677820940877e-231
1.2882297539194154e-231
9.418382295637229e-232
9.594503055152632e-232
1.0003688322288243e-231
1.0003688322288243e-231
1.0244914152188952e-231
8.412065649527267e-232
8.412065649527267e-232
8.972141065609098e-232
9.109159947227211e-232
1.1200407237786664e-231
9.336117803135294e-232
1.0669733992029681e-231
1.0832677820940877e-231
1.0518351895246305e-231
1.2882297539194154e-231
8.972141065609098e-232
9.418382295637229e-232
1.1896457329133973e-231
1.1409851298103347e-231
1.331960397810445e-231
8.972141065609098e-232
9.594503055152632e-232
0
1.0832677820940877e-231
1.1200407237786664e-231
9.109159947227211e-232
9.788429383461836e-232
9.594503055152632e-232
1.0003688322288243e-231
1.0832677820940877e-231
9.788429383461836e-232
9.418382295637229e-232
1.1409851298103347e-231
1.2508498911928379e-231
1.2183324802375697e-231
9.109159947227211e-232
8.510469113101058e-232
1.012071042130996e-231
1.0377133938315695e-231
1.0669733992029681e-231
8.972141065609098e-232
9.257324954728539e-232
9.788429383461836e-232
1.0003688322288243e-231
1.0003688322288243e-231
9.109159947227211e-232
9.418382295637229e-232
1.0518351895246305e-231
0
1.0518351895246305e-231
1.0003688322288243e-231
1.0832677820940877e-231
1.0377133938315695e-231
1.0669733992029681e-231
1.2508498911928379e-231
1.0832677820940877e-231
1.0669733992029681e-231
9.257324954728539e-232
1.1409851298103347e-231
1.0518351895246305e-231
1.012071042130996e-231
9.788429383461836e-232
1.2183324802375697e-231
1.1640469867513693e-231
1.1409851298103347e-231
1.1008876702055895e-231
1.0669733992029681e-231
1.1640469867513693e-231
1.2508498911928379e-231
1.331960397810445e-231
1.0669733992029681e-231
1.0377133938315695e-231
1.1008876702055895e-231
1.1409851298103347e-231
1.1896457329133973e-231
8.972141065609098e-232
8.972141065609098e-232
1.1409851298103347e-231
9.594503055152632e-232
1.0003688322288243e-231
9.788429383461836e-232
9.257324954728539e-232
1.0244914152188952e-231
1.0377133938315695e-231
9.257324954728539e-232
1.0377133938315695e-231
1.0669733992029681e-231
1.1200407237786664e-231
1.0244914152188952e-231
1.0518351895246305e-231
9.788429383461836e-232
1.1640469867513693e-231
1.2508498911928379e-231
1.0832677820940877e-231
1.1200407237786664e-231
8.726094729337945e-232
1.0832677820940877e-231
1.2183324802375697e-231
1.0832677820940877e-231
1.2183324802375697e-231
9.788429383461836e-232
9.594503055152632e-232
1.0518351895246305e-231
1.0518351895246305e-231
1.0518351895246305e-231
8.147480343967206e-232
8.231055179516831e-232
8.726094729337945e-232
9.257324954728539e-232
1.0832677820940877e-231
8.319100378795605e-232
8.972141065609098e-232
9.788429383461836e-232
9.788429383461836e-232
9.788429383461836e-232
9.788429383461836e-232
1.1008876702055895e-231
1.1008876702055895e-231
1.0518351895246305e-231
1.0003688322288243e-231
1.0518351895246305e-231
9.418382295637229e-232
1.0832677820940877e-231
1.1409851298103347e-231
1.1200407237786664e-231
1.0244914152188952e-231
1.0669733992029681e-231
1.0518351895246305e-231
1.0003688322288243e-231
1.1896457329133973e-231
8.972141065609098e-232
9.109159947227211e-232
9.418382295637229e-232
9.418382295637229e-232
1.0244914152188952e-231
8.726094729337945e-232
0
9.257324954728539e-232
9.257324954728539e-232
1.0518351895246305e-231
1.0669733992029681e-231
1.1008876702055895e-231
1.1200407237786664e-231
1.1896457329133973e-231
1.1200407237786664e-231
8.614911585158347e-232
1.0244914152188952e-231
1.0244914152188952e-231
1.0518351895246305e-231
1.0518351895246305e-231
1.0244914152188952e-231
9.257324954728539e-232
1.0669733992029681e-231
1.0244914152188952e-231
1.1896457329133973e-231
8.06798322521923e-232
9.788429383461836e-232
9.418382295637229e-232
9.788429383461836e-232
1.0518351895246305e-231
8.726094729337945e-232
8.844844403089352e-232
9.109159947227211e-232
9.109159947227211e-232
1.0003688322288243e-231
1.012071042130996e-231
1.0518351895246305e-231
1.0377133938315695e-231
1.0003688322288243e-231
9.788429383461836e-232
8.147480343967206e-232
9.418382295637229e-232
9.788429383461836e-232
9.594503055152632e-232
9.709385502639237e-232
8.412065649527267e-232
9.418382295637229e-232
1.0003688322288243e-231
1.0003688322288243e-231
0
1.1640469867513693e-231
1.1409851298103347e-231
1.1008876702055895e-231
9.594503055152632e-232
1.2183324802375697e-231
8.412065649527267e-232
1.2395288183339461e-231
1.2627076138080564e-231
1.1640469867513693e-231
1.2183324802375697e-231
1.0377133938315695e-231
1.1409851298103347e-231
1.1008876702055895e-231
1.1409851298103347e-231
1.2508498911928379e-231
1.1008876702055895e-231
1.1640469867513693e-231
1.2183324802375697e-231
1.0518351895246305e-231
1.1409851298103347e-231
9.893133360884868e-232
1.0669733992029681e-231
1.1640469867513693e-231
1.2183324802375697e-231
1.2508498911928379e-231
1.0244914152188952e-231
1.0518351895246305e-231
1.1409851298103347e-231
1.2183324802375697e-231
1.1640469867513693e-231
